10 3450
11 3000
12 3000
13 3000
14 2500
15 3500
16 3000
17 3500
18 3500
19 3000
20 3500
21 3000
22 3500
23 3000
24 3000
25 3500
26 2960
27 3250
28 3050
29 2700
30 3000
31 2700
32 2700
34 3400
34.8 3500
35.9 2500
37 2000
38 2180
38.5 2300
40 3750
41.7 2000
42.6 2850
45 3750
47 2700
49 2500
50 3500
52 2700
54.85 2700
59.8 3500
60 3750
62 2400
63 2300
64.8 3500
66 2500
70.3 3750
74 2400
75 2200
76 2850
80 3750
83 2200
85 3260
88 2400
89 2500
89.75 3750
90 2200
92 2200
95 2200
96 2200
99 2200
100 3750
105 2200
107 2000
110 3750
113 3000
115 2200
117 2000
118 2200
120 3000
122 2000
124 2200
125 3300


