SEIL1432XA_CS3
 1.00000     0.00000
 0.99980     0.00008
 0.99922     0.00032
 0.99829     0.00069
 0.99702     0.00120
 0.99542     0.00183
 0.99351     0.00258
 0.99130     0.00343
 0.98878     0.00439
 0.98597     0.00545
 0.98286     0.00659
 0.97948     0.00782
 0.97580     0.00912
 0.97184     0.01048
 0.96759     0.01192
 0.96306     0.01341
 0.95823     0.01496
 0.95311     0.01657
 0.94769     0.01827
 0.94201     0.02004
 0.93604     0.02187
 0.92981     0.02379
 0.92333     0.02580
 0.91661     0.02787
 0.90965     0.03000
 0.90245     0.03220
 0.89502     0.03448
 0.88739     0.03683
 0.87954     0.03922
 0.87148     0.04168
 0.86323     0.04421
 0.85482     0.04680
 0.84623     0.04942
 0.83746     0.05209
 0.82855     0.05483
 0.81950     0.05759
 0.81032     0.06038
 0.80100     0.06320
 0.79157     0.06606
 0.78206     0.06892
 0.77245     0.07176
 0.76273     0.07461
 0.75294     0.07746
 0.74309     0.08026
 0.73316     0.08302
 0.72313     0.08575
 0.71306     0.08844
 0.70293     0.09107
 0.69274     0.09361
 0.68246     0.09610
 0.67213     0.09853
 0.66177     0.10088
 0.65134     0.10312
 0.64084     0.10530
 0.63030     0.10740
 0.61974     0.10941
 0.60911     0.11130
 0.59842     0.11312
 0.58771     0.11487
 0.57698     0.11650
 0.56620     0.11803
 0.55538     0.11947
 0.54455     0.12084
 0.53371     0.12210
 0.52285     0.12324
 0.51196     0.12430
 0.50108     0.12529
 0.49022     0.12617
 0.47935     0.12693
 0.46846     0.12761
 0.45761     0.12822
 0.44680     0.12871
 0.43600     0.12909
 0.42522     0.12939
 0.41448     0.12962
 0.40382     0.12973
 0.39319     0.12972
 0.38258     0.12963
 0.37205     0.12947
 0.36161     0.12920
 0.35122     0.12881
 0.34087     0.12834
 0.33062     0.12780
 0.32049     0.12716
 0.31042     0.12639
 0.30042     0.12554
 0.29053     0.12464
 0.28078     0.12363
 0.27113     0.12250
 0.26156     0.12128
 0.25210     0.12001
 0.24280     0.11864
 0.23361     0.11717
 0.22453     0.11562
 0.21560     0.11401
 0.20682     0.11231
 0.19818     0.11051
 0.18966     0.10863
 0.18130     0.10670
 0.17311     0.10469
 0.16507     0.10258
 0.15717     0.10040
 0.14944     0.09818
 0.14189     0.09589
 0.13451     0.09351
 0.12727     0.09107
 0.12021     0.08860
 0.11336     0.08607
 0.10667     0.08346
 0.10014     0.08081
 0.09381     0.07813
 0.08769     0.07541
 0.08174     0.07262
 0.07596     0.06980
 0.07040     0.06697
 0.06504     0.06411
 0.05987     0.06119
 0.05488     0.05827
 0.05010     0.05534
 0.04554     0.05240
 0.04117     0.04943
 0.03699     0.04646
 0.03302     0.04352
 0.02928     0.04058
 0.02574     0.03763
 0.02240     0.03472
 0.01928     0.03185
 0.01640     0.02900
 0.01372     0.02617
 0.01125     0.02340
 0.00903     0.02071
 0.00705     0.01806
 0.00531     0.01545
 0.00379     0.01293
 0.00256     0.01050
 0.00163     0.00810
 0.00093     0.00568
 0.00039     0.00333
 0.00005     0.00114
 0.00002    -0.00092
 0.00028    -0.00290
 0.00079    -0.00481
 0.00152    -0.00657
 0.00255    -0.00813
 0.00401    -0.00954
 0.00590    -0.01095
 0.00807    -0.01244
 0.01037    -0.01389
 0.01289    -0.01514
 0.01578    -0.01622
 0.01905    -0.01724
 0.02259    -0.01827
 0.02635    -0.01920
 0.03041    -0.01998
 0.03481    -0.02066
 0.03950    -0.02129
 0.04446    -0.02183
 0.04973    -0.02224
 0.05534    -0.02259
 0.06123    -0.02289
 0.06737    -0.02310
 0.07382    -0.02319
 0.08061    -0.02321
 0.08768    -0.02321
 0.09500    -0.02314
 0.10262    -0.02296
 0.11056    -0.02274
 0.11875    -0.02250
 0.12717    -0.02219
 0.13587    -0.02178
 0.14487    -0.02134
 0.15412    -0.02090
 0.16357    -0.02040
 0.17329    -0.01981
 0.18328    -0.01920
 0.19349    -0.01860
 0.20388    -0.01795
 0.21451    -0.01723
 0.22540    -0.01650
 0.23647    -0.01579
 0.24770    -0.01503
 0.25913    -0.01422
 0.27079    -0.01342
 0.28260    -0.01264
 0.29454    -0.01182
 0.30666    -0.01096
 0.31896    -0.01012
 0.33137    -0.00931
 0.34389    -0.00847
 0.35654    -0.00760
 0.36935    -0.00676
 0.38223    -0.00595
 0.39517    -0.00512
 0.40822    -0.00427
 0.42138    -0.00345
 0.43458    -0.00267
 0.44780    -0.00188
 0.46109    -0.00107
 0.47445    -0.00029
 0.48781     0.00044
 0.50117     0.00118
 0.51455     0.00193
 0.52796     0.00264
 0.54133     0.00331
 0.55466     0.00398
 0.56798     0.00466
 0.58129     0.00530
 0.59452     0.00589
 0.60767     0.00650
 0.62078     0.00710
 0.63384     0.00766
 0.64679     0.00818
 0.65963     0.00870
 0.67240     0.00923
 0.68508     0.00971
 0.69762     0.01015
 0.71002     0.01059
 0.72232     0.01102
 0.73450     0.01141
 0.74652     0.01175
 0.75838     0.01207
 0.77011     0.01237
 0.78168     0.01260
 0.79305     0.01277
 0.80422     0.01291
 0.81522     0.01301
 0.82601     0.01304
 0.83656     0.01299
 0.84687     0.01291
 0.85695     0.01278
 0.86677     0.01257
 0.87631     0.01230
 0.88557     0.01198
 0.89454     0.01162
 0.90322     0.01119
 0.91156     0.01070
 0.91957     0.01019
 0.92727     0.00964
 0.93463     0.00903
 0.94161     0.00838
 0.94823     0.00771
 0.95447     0.00702
 0.96032     0.00630
 0.96577     0.00558
 0.97081     0.00488
 0.97546     0.00420
 0.97970     0.00354
 0.98353     0.00292
 0.98696     0.00235
 0.98999     0.00183
 0.99262     0.00137
 0.99485     0.00096
 0.99668     0.00062
 0.99811     0.00036
 0.99915     0.00016
 0.99978     0.00004
 1.00000     0.00000
