SEIL1330XD_CS3
 1.00000     0.00000
 0.99980     0.00001
 0.99921     0.00005
 0.99823     0.00012
 0.99687     0.00022
 0.99515     0.00035
 0.99305     0.00051
 0.99057     0.00071
 0.98771     0.00096
 0.98450     0.00125
 0.98092     0.00158
 0.97697     0.00198
 0.97267     0.00244
 0.96802     0.00297
 0.96303     0.00357
 0.95770     0.00424
 0.95204     0.00501
 0.94608     0.00585
 0.93982     0.00675
 0.93324     0.00774
 0.92637     0.00883
 0.91924     0.00999
 0.91183     0.01122
 0.90414     0.01254
 0.89621     0.01396
 0.88805     0.01546
 0.87966     0.01701
 0.87103     0.01865
 0.86220     0.02039
 0.85319     0.02218
 0.84398     0.02402
 0.83458     0.02593
 0.82501     0.02793
 0.81531     0.02997
 0.80545     0.03203
 0.79543     0.03415
 0.78528     0.03632
 0.77504     0.03852
 0.76468     0.04072
 0.75418     0.04296
 0.74360     0.04523
 0.73296     0.04750
 0.72223     0.04974
 0.71139     0.05199
 0.70050     0.05426
 0.68958     0.05649
 0.67858     0.05866
 0.66751     0.06082
 0.65640     0.06296
 0.64528     0.06505
 0.63410     0.06706
 0.62285     0.06903
 0.61159     0.07098
 0.60033     0.07285
 0.58902     0.07462
 0.57766     0.07636
 0.56630     0.07805
 0.55496     0.07966
 0.54359     0.08117
 0.53219     0.08263
 0.52080     0.08405
 0.50946     0.08537
 0.49810     0.08658
 0.48672     0.08774
 0.47539     0.08885
 0.46412     0.08987
 0.45285     0.09077
 0.44159     0.09162
 0.43038     0.09242
 0.41927     0.09311
 0.40817     0.09369
 0.39710     0.09422
 0.38611     0.09470
 0.37523     0.09507
 0.36440     0.09533
 0.35359     0.09553
 0.34290     0.09571
 0.33236     0.09580
 0.32193     0.09575
 0.31156     0.09561
 0.30129     0.09541
 0.29118     0.09512
 0.28117     0.09471
 0.27124     0.09421
 0.26145     0.09365
 0.25181     0.09300
 0.24229     0.09223
 0.23287     0.09139
 0.22360     0.09048
 0.21450     0.08949
 0.20553     0.08839
 0.19668     0.08721
 0.18799     0.08598
 0.17949     0.08466
 0.17113     0.08325
 0.16291     0.08177
 0.15486     0.08024
 0.14701     0.07864
 0.13932     0.07694
 0.13177     0.07519
 0.12442     0.07340
 0.11727     0.07154
 0.11030     0.06960
 0.10348     0.06761
 0.09687     0.06560
 0.09048     0.06354
 0.08427     0.06140
 0.07823     0.05923
 0.07241     0.05704
 0.06681     0.05481
 0.06141     0.05253
 0.05619     0.05022
 0.05120     0.04791
 0.04644     0.04558
 0.04188     0.04320
 0.03752     0.04082
 0.03339     0.03846
 0.02950     0.03609
 0.02584     0.03369
 0.02237     0.03131
 0.01915     0.02897
 0.01619     0.02663
 0.01346     0.02429
 0.01095     0.02199
 0.00870     0.01975
 0.00674     0.01753
 0.00504     0.01532
 0.00361     0.01315
 0.00248     0.01100
 0.00164     0.00882
 0.00102     0.00656
 0.00049     0.00431
 0.00011     0.00224
 0.00001     0.00039
 0.00031    -0.00132
 0.00101    -0.00300
 0.00203    -0.00471
 0.00330    -0.00641
 0.00482    -0.00805
 0.00663    -0.00959
 0.00877    -0.01105
 0.01126    -0.01245
 0.01411    -0.01385
 0.01726    -0.01530
 0.02063    -0.01678
 0.02417    -0.01820
 0.02798    -0.01946
 0.03214    -0.02064
 0.03663    -0.02181
 0.04138    -0.02298
 0.04638    -0.02409
 0.05169    -0.02514
 0.05728    -0.02620
 0.06307    -0.02724
 0.06909    -0.02818
 0.07541    -0.02905
 0.08202    -0.02990
 0.08884    -0.03073
 0.09587    -0.03149
 0.10318    -0.03216
 0.11076    -0.03282
 0.11854    -0.03347
 0.12651    -0.03403
 0.13475    -0.03450
 0.14324    -0.03495
 0.15192    -0.03539
 0.16078    -0.03575
 0.16989    -0.03602
 0.17923    -0.03627
 0.18874    -0.03652
 0.19841    -0.03668
 0.20831    -0.03675
 0.21842    -0.03682
 0.22869    -0.03687
 0.23909    -0.03684
 0.24970    -0.03673
 0.26050    -0.03662
 0.27143    -0.03649
 0.28248    -0.03629
 0.29371    -0.03601
 0.30511    -0.03573
 0.31661    -0.03544
 0.32821    -0.03509
 0.33996    -0.03467
 0.35185    -0.03424
 0.36382    -0.03382
 0.37586    -0.03333
 0.38802    -0.03279
 0.40030    -0.03225
 0.41262    -0.03172
 0.42499    -0.03113
 0.43745    -0.03049
 0.44999    -0.02987
 0.46254    -0.02925
 0.47511    -0.02859
 0.48773    -0.02789
 0.50041    -0.02720
 0.51307    -0.02653
 0.52571    -0.02581
 0.53837    -0.02507
 0.55105    -0.02434
 0.56368    -0.02364
 0.57626    -0.02290
 0.58883    -0.02214
 0.60138    -0.02140
 0.61384    -0.02068
 0.62622    -0.01994
 0.63856    -0.01917
 0.65084    -0.01844
 0.66300    -0.01773
 0.67505    -0.01700
 0.68703    -0.01626
 0.69891    -0.01555
 0.71064    -0.01486
 0.72223    -0.01416
 0.73371    -0.01345
 0.74507    -0.01278
 0.75624    -0.01213
 0.76725    -0.01148
 0.77811    -0.01082
 0.78881    -0.01021
 0.79930    -0.00962
 0.80960    -0.00903
 0.81972    -0.00844
 0.82964    -0.00790
 0.83933    -0.00739
 0.84879    -0.00687
 0.85804    -0.00637
 0.86706    -0.00591
 0.87583    -0.00548
 0.88433    -0.00505
 0.89260    -0.00463
 0.90061    -0.00425
 0.90834    -0.00391
 0.91578    -0.00356
 0.92296    -0.00323
 0.92986    -0.00294
 0.93645    -0.00267
 0.94273    -0.00241
 0.94872    -0.00216
 0.95440    -0.00195
 0.95975    -0.00175
 0.96477    -0.00155
 0.96949    -0.00136
 0.97388    -0.00118
 0.97793    -0.00102
 0.98165    -0.00085
 0.98505    -0.00070
 0.98812    -0.00056
 0.99084    -0.00044
 0.99321    -0.00033
 0.99525    -0.00023
 0.99693    -0.00015
 0.99825    -0.00009
 0.99921    -0.00004
 0.99980    -0.00001
 1.00000     0.00000
