#    s        x        y     Ue/Vinf    Dstar     Theta      Cf       H
   0.00000  1.00000  0.00000  0.79961  0.000000  0.000000  0.000000     1.000
   0.01538  0.98566  0.00556  0.96089  0.000000  0.000000  0.000000     1.000
   0.03048  0.97143  0.01062  1.00298  0.000000  0.000000  0.000000     1.000
   0.04535  0.95730  0.01525  1.02207  0.000000  0.000000  0.000000     1.000
   0.06006  0.94327  0.01965  1.03466  0.000000  0.000000  0.000000     1.000
   0.07462  0.92935  0.02393  1.04344  0.000000  0.000000  0.000000     1.000
   0.08908  0.91553  0.02820  1.06173  0.000000  0.000000  0.000000     1.000
   0.10342  0.90182  0.03239  1.07052  0.000000  0.000000  0.000000     1.000
   0.11767  0.88820  0.03658  1.08834  0.000000  0.000000  0.000000     1.000
   0.13178  0.87470  0.04070  1.09811  0.000000  0.000000  0.000000     1.000
   0.14581  0.86129  0.04481  1.11351  0.000000  0.000000  0.000000     1.000
   0.15972  0.84799  0.04888  1.12777  0.000000  0.000000  0.000000     1.000
   0.17352  0.83479  0.05291  1.14016  0.000000  0.000000  0.000000     1.000
   0.18721  0.82170  0.05692  1.15815  0.000000  0.000000  0.000000     1.000
   0.20079  0.80871  0.06087  1.17267  0.000000  0.000000  0.000000     1.000
   0.21426  0.79582  0.06477  1.18782  0.000000  0.000000  0.000000     1.000
   0.22761  0.78303  0.06863  1.20963  0.000000  0.000000  0.000000     1.000
   0.24084  0.77035  0.07237  1.22150  0.000000  0.000000  0.000000     1.000
   0.25393  0.75778  0.07605  1.24158  0.000000  0.000000  0.000000     1.000
   0.26692  0.74530  0.07963  1.25980  0.000000  0.000000  0.000000     1.000
   0.27976  0.73293  0.08308  1.27523  0.000000  0.000000  0.000000     1.000
   0.29246  0.72067  0.08641  1.29125  0.000000  0.000000  0.000000     1.000
   0.30505  0.70850  0.08962  1.30753  0.000000  0.000000  0.000000     1.000
   0.31749  0.69644  0.09269  1.32302  0.000000  0.000000  0.000000     1.000
   0.32979  0.68449  0.09561  1.33424  0.000000  0.000000  0.000000     1.000
   0.34197  0.67264  0.09841  1.34934  0.000000  0.000000  0.000000     1.000
   0.35402  0.66089  0.10107  1.36476  0.000000  0.000000  0.000000     1.000
   0.36593  0.64924  0.10356  1.37095  0.000000  0.000000  0.000000     1.000
   0.37771  0.63770  0.10593  1.38328  0.000000  0.000000  0.000000     1.000
   0.38937  0.62626  0.10817  1.39399  0.000000  0.000000  0.000000     1.000
   0.40089  0.61493  0.11027  1.40500  0.000000  0.000000  0.000000     1.000
   0.41229  0.60370  0.11222  1.40742  0.000000  0.000000  0.000000     1.000
   0.42357  0.59257  0.11408  1.42022  0.000000  0.000000  0.000000     1.000
   0.43474  0.58154  0.11581  1.42919  0.000000  0.000000  0.000000     1.000
   0.44577  0.57062  0.11740  1.43311  0.000000  0.000000  0.000000     1.000
   0.45669  0.55981  0.11888  1.43832  0.000000  0.000000  0.000000     1.000
   0.46750  0.54909  0.12027  1.44687  0.000000  0.000000  0.000000     1.000
   0.47818  0.53848  0.12155  1.45604  0.000000  0.000000  0.000000     1.000
   0.48876  0.52797  0.12270  1.45794  0.000000  0.000000  0.000000     1.000
   0.49921  0.51757  0.12375  1.45982  0.000000  0.000000  0.000000     1.000
   0.50955  0.50727  0.12473  1.46904  0.000000  0.000000  0.000000     1.000
   0.51978  0.49708  0.12561  1.47341  0.000000  0.000000  0.000000     1.000
   0.52991  0.48698  0.12640  1.48102  0.000000  0.000000  0.000000     1.000
   0.53993  0.47699  0.12708  1.48071  0.000000  0.000000  0.000000     1.000
   0.54983  0.46711  0.12769  1.48561  0.000000  0.000000  0.000000     1.000
   0.55962  0.45733  0.12823  1.49434  0.000000  0.000000  0.000000     1.000
   0.56931  0.44765  0.12867  1.49733  0.000000  0.000000  0.000000     1.000
   0.57890  0.43807  0.12902  1.49864  0.000000  0.000000  0.000000     1.000
   0.58837  0.42860  0.12930  1.50125  0.000000  0.000000  0.000000     1.000
   0.59774  0.41923  0.12952  1.50706  0.000000  0.000000  0.000000     1.000
   0.60700  0.40997  0.12967  1.51425  0.000000  0.000000  0.000000     1.000
   0.61616  0.40081  0.12973  1.51655  0.000000  0.000000  0.000000     1.000
   0.62522  0.39175  0.12971  1.51709  0.000000  0.000000  0.000000     1.000
   0.63418  0.38280  0.12963  1.51890  0.000000  0.000000  0.000000     1.000
   0.64303  0.37395  0.12950  1.52718  0.000000  0.000000  0.000000     1.000
   0.65178  0.36520  0.12929  1.52895  0.000000  0.000000  0.000000     1.000
   0.66042  0.35656  0.12901  1.53210  0.000000  0.000000  0.000000     1.000
   0.66897  0.34802  0.12866  1.53001  0.000000  0.000000  0.000000     1.000
   0.67742  0.33958  0.12827  1.53502  0.000000  0.000000  0.000000     1.000
   0.68576  0.33125  0.12783  1.54171  0.000000  0.000000  0.000000     1.000
   0.69401  0.32302  0.12732  1.54648  0.000000  0.000000  0.000000     1.000
   0.70216  0.31489  0.12673  1.54389  0.000000  0.000000  0.000000     1.000
   0.71020  0.30687  0.12609  1.54439  0.000000  0.000000  0.000000     1.000
   0.71815  0.29895  0.12541  1.54703  0.000000  0.000000  0.000000     1.000
   0.72601  0.29113  0.12469  1.55562  0.000000  0.000000  0.000000     1.000
   0.73376  0.28342  0.12390  1.55642  0.000000  0.000000  0.000000     1.000
   0.74141  0.27581  0.12305  1.55856  0.000000  0.000000  0.000000     1.000
   0.74897  0.26831  0.12214  1.55613  0.000000  0.000000  0.000000     1.000
   0.75643  0.26091  0.12119  1.55606  0.000000  0.000000  0.000000     1.000
   0.76379  0.25361  0.12021  1.56389  0.000000  0.000000  0.000000     1.000
   0.77106  0.24642  0.11917  1.56366  0.000000  0.000000  0.000000     1.000
   0.77823  0.23933  0.11808  1.56339  0.000000  0.000000  0.000000     1.000
   0.78531  0.23234  0.11695  1.56481  0.000000  0.000000  0.000000     1.000
   0.79230  0.22545  0.11578  1.56878  0.000000  0.000000  0.000000     1.000
   0.79919  0.21867  0.11456  1.56641  0.000000  0.000000  0.000000     1.000
   0.80598  0.21200  0.11331  1.56922  0.000000  0.000000  0.000000     1.000
   0.81268  0.20542  0.11202  1.57546  0.000000  0.000000  0.000000     1.000
   0.81929  0.19895  0.11067  1.57191  0.000000  0.000000  0.000000     1.000
   0.82580  0.19259  0.10928  1.56971  0.000000  0.000000  0.000000     1.000
   0.83222  0.18633  0.10786  1.56811  0.000000  0.000000  0.000000     1.000
   0.83855  0.18017  0.10642  1.57350  0.000000  0.000000  0.000000     1.000
   0.84479  0.17411  0.10494  1.58104  0.000000  0.000000  0.000000     1.000
   0.85093  0.16816  0.10339  1.56907  0.000000  0.000000  0.000000     1.000
   0.85699  0.16231  0.10182  1.56898  0.000000  0.000000  0.000000     1.000
   0.86295  0.15657  0.10023  1.56942  0.000000  0.000000  0.000000     1.000
   0.86882  0.15092  0.09861  1.57359  0.000000  0.000000  0.000000     1.000
   0.87460  0.14539  0.09695  1.56866  0.000000  0.000000  0.000000     1.000
   0.88029  0.13995  0.09526  1.56680  0.000000  0.000000  0.000000     1.000
   0.88589  0.13462  0.09355  1.57152  0.000000  0.000000  0.000000     1.000
   0.89141  0.12939  0.09179  1.56108  0.000000  0.000000  0.000000     1.000
   0.89683  0.12427  0.09002  1.55876  0.000000  0.000000  0.000000     1.000
   0.90215  0.11925  0.08824  1.56220  0.000000  0.000000  0.000000     1.000
   0.90740  0.11433  0.08643  1.56610  0.000000  0.000000  0.000000     1.000
   0.91255  0.10952  0.08457  1.55257  0.000000  0.000000  0.000000     1.000
   0.91762  0.10481  0.08270  1.54452  0.000000  0.000000  0.000000     1.000
   0.92259  0.10020  0.08084  1.55817  0.000000  0.000000  0.000000     1.000
   0.92748  0.09570  0.07893  1.54442  0.000000  0.000000  0.000000     1.000
   0.93228  0.09130  0.07701  1.53843  0.000000  0.000000  0.000000     1.000
   0.93699  0.08700  0.07509  1.54922  0.000000  0.000000  0.000000     1.000
   0.94162  0.08281  0.07312  1.53030  0.000000  0.000000  0.000000     1.000
   0.94616  0.07872  0.07115  1.52710  0.000000  0.000000  0.000000     1.000
   0.95060  0.07474  0.06918  1.52380  0.000000  0.000000  0.000000     1.000
   0.95496  0.07086  0.06720  1.52229  0.000000  0.000000  0.000000     1.000
   0.95923  0.06708  0.06520  1.51444  0.000000  0.000000  0.000000     1.000
   0.96343  0.06340  0.06319  1.51036  0.000000  0.000000  0.000000     1.000
   0.96753  0.05983  0.06117  1.50191  0.000000  0.000000  0.000000     1.000
   0.97155  0.05636  0.05914  1.49152  0.000000  0.000000  0.000000     1.000
   0.97547  0.05300  0.05712  1.48334  0.000000  0.000000  0.000000     1.000
   0.97930  0.04974  0.05511  1.48783  0.000000  0.000000  0.000000     1.000
   0.98306  0.04658  0.05307  1.47333  0.000000  0.000000  0.000000     1.000
   0.98673  0.04353  0.05103  1.45649  0.000000  0.000000  0.000000     1.000
   0.99031  0.04058  0.04901  1.45338  0.000000  0.000000  0.000000     1.000
   0.99380  0.03773  0.04699  1.44378  0.000000  0.000000  0.000000     1.000
   0.99720  0.03499  0.04498  1.43044  0.000000  0.000000  0.000000     1.000
   1.00050  0.03235  0.04299  1.42693  0.000000  0.000000  0.000000     1.000
   1.00373  0.02981  0.04100  1.42223  0.000000  0.000000  0.000000     1.000
   1.00688  0.02738  0.03900  1.39616  0.000000  0.000000  0.000000     1.000
   1.00993  0.02505  0.03703  1.38431  0.000000  0.000000  0.000000     1.000
   1.01288  0.02282  0.03509  1.38253  0.000000  0.000000  0.000000     1.000
   1.01575  0.02070  0.03316  1.36257  0.000000  0.000000  0.000000     1.000
   1.01852  0.01868  0.03126  1.35903  0.000000  0.000000  0.000000     1.000
   1.02121  0.01677  0.02937  1.34553  0.000000  0.000000  0.000000     1.000
   1.02383  0.01496  0.02748  1.31418  0.000000  0.000000  0.000000     1.000
   1.02634  0.01325  0.02564  1.30635  0.000000  0.000000  0.000000     1.000
   1.02875  0.01165  0.02384  1.29066  0.000000  0.000000  0.000000     1.000
   1.03108  0.01014  0.02206  1.27840  0.000000  0.000000  0.000000     1.000
   1.03330  0.00875  0.02033  1.26615  0.000000  0.000000  0.000000     1.000
   1.03547  0.00745  0.01860  1.25134  0.000000  0.000000  0.000000     1.000
   1.03756  0.00626  0.01688  1.21258  0.000000  0.000000  0.000000     1.000
   1.03953  0.00518  0.01523  1.19599  0.000000  0.000000  0.000000     1.000
   1.04144  0.00419  0.01360  1.18090  0.000000  0.000000  0.000000     1.000
   1.04327  0.00331  0.01199  1.14304  0.000000  0.000000  0.000000     1.000
   1.04500  0.00254  0.01044  1.14799  0.000000  0.000000  0.000000     1.000
   1.04687  0.00186  0.00870  1.05756  0.000000  0.000000  0.000000     1.000
   1.04872  0.00129  0.00694  0.98392  0.000000  0.000000  0.000000     1.000
   1.05048  0.00083  0.00524  0.91085  0.000000  0.000000  0.000000     1.000
   1.05210  0.00047  0.00366  0.86091  0.000000  0.000000  0.000000     1.000
   1.05363  0.00021  0.00215  0.77690  0.000000  0.000000  0.000000     1.000
   1.05465  0.00005  0.00115  0.80077  0.000000  0.000000  0.000000     1.000
   1.05580  0.00000  0.00000  0.70691  0.000000  0.000000  0.000000     1.000
   1.05696  0.00005 -0.00116  0.62639  0.000000  0.000000  0.000000     1.000
   1.05815  0.00021 -0.00234  0.52002  0.000000  0.000000  0.000000     1.000
   1.05944  0.00047 -0.00360  0.41617  0.000000  0.000000  0.000000     1.000
   1.06078  0.00083 -0.00490  0.32021  0.000000  0.000000  0.000000     1.000
   1.06200  0.00129 -0.00602  0.20503  0.000000  0.000000  0.000000     1.000
   1.06321  0.00186 -0.00709  0.09640  0.000000  0.000000  0.000000     1.000
   1.06443  0.00254 -0.00811 -0.02103  0.000000  0.000000  0.000000     1.000
   1.06552  0.00331 -0.00887 -0.10223  0.000000  0.000000  0.000000     1.000
   1.06671  0.00419 -0.00968 -0.18973  0.000000  0.000000  0.000000     1.000
   1.06794  0.00518 -0.01041 -0.23589  0.000000  0.000000  0.000000     1.000
   1.06928  0.00626 -0.01120 -0.29830  0.000000  0.000000  0.000000     1.000
   1.07072  0.00745 -0.01202 -0.35420  0.000000  0.000000  0.000000     1.000
   1.07228  0.00875 -0.01287 -0.40572  0.000000  0.000000  0.000000     1.000
   1.07392  0.01014 -0.01375 -0.49575  0.000000  0.000000  0.000000     1.000
   1.07562  0.01165 -0.01452 -0.52186  0.000000  0.000000  0.000000     1.000
   1.07739  0.01325 -0.01527 -0.58884  0.000000  0.000000  0.000000     1.000
   1.07921  0.01496 -0.01591 -0.59638  0.000000  0.000000  0.000000     1.000
   1.08112  0.01677 -0.01653 -0.62325  0.000000  0.000000  0.000000     1.000
   1.08313  0.01868 -0.01713 -0.64523  0.000000  0.000000  0.000000     1.000
   1.08523  0.02070 -0.01772 -0.66019  0.000000  0.000000  0.000000     1.000
   1.08744  0.02282 -0.01833 -0.70538  0.000000  0.000000  0.000000     1.000
   1.08973  0.02505 -0.01888 -0.71851  0.000000  0.000000  0.000000     1.000
   1.09212  0.02738 -0.01940 -0.74180  0.000000  0.000000  0.000000     1.000
   1.09460  0.02981 -0.01987 -0.75938  0.000000  0.000000  0.000000     1.000
   1.09717  0.03235 -0.02028 -0.75792  0.000000  0.000000  0.000000     1.000
   1.09984  0.03499 -0.02068 -0.77348  0.000000  0.000000  0.000000     1.000
   1.10260  0.03773 -0.02105 -0.77913  0.000000  0.000000  0.000000     1.000
   1.10548  0.04058 -0.02141 -0.79644  0.000000  0.000000  0.000000     1.000
   1.10844  0.04353 -0.02173 -0.80689  0.000000  0.000000  0.000000     1.000
   1.11151  0.04658 -0.02200 -0.80930  0.000000  0.000000  0.000000     1.000
   1.11467  0.04974 -0.02224 -0.81645  0.000000  0.000000  0.000000     1.000
   1.11794  0.05300 -0.02244 -0.81238  0.000000  0.000000  0.000000     1.000
   1.12131  0.05636 -0.02264 -0.82189  0.000000  0.000000  0.000000     1.000
   1.12478  0.05983 -0.02282 -0.83147  0.000000  0.000000  0.000000     1.000
   1.12835  0.06340 -0.02296 -0.83009  0.000000  0.000000  0.000000     1.000
   1.13204  0.06708 -0.02309 -0.84587  0.000000  0.000000  0.000000     1.000
   1.13582  0.07086 -0.02315 -0.83812  0.000000  0.000000  0.000000     1.000
   1.13970  0.07474 -0.02319 -0.84149  0.000000  0.000000  0.000000     1.000
   1.14368  0.07872 -0.02320 -0.83727  0.000000  0.000000  0.000000     1.000
   1.14777  0.08281 -0.02321 -0.84142  0.000000  0.000000  0.000000     1.000
   1.15196  0.08700 -0.02321 -0.84769  0.000000  0.000000  0.000000     1.000
   1.15626  0.09130 -0.02318 -0.84993  0.000000  0.000000  0.000000     1.000
   1.16066  0.09570 -0.02312 -0.85306  0.000000  0.000000  0.000000     1.000
   1.16516  0.10020 -0.02302 -0.85022  0.000000  0.000000  0.000000     1.000
   1.16977  0.10481 -0.02290 -0.84930  0.000000  0.000000  0.000000     1.000
   1.17448  0.10952 -0.02277 -0.85000  0.000000  0.000000  0.000000     1.000
   1.17929  0.11433 -0.02263 -0.85124  0.000000  0.000000  0.000000     1.000
   1.18422  0.11925 -0.02248 -0.85629  0.000000  0.000000  0.000000     1.000
   1.18924  0.12427 -0.02230 -0.85695  0.000000  0.000000  0.000000     1.000
   1.19436  0.12939 -0.02209 -0.85872  0.000000  0.000000  0.000000     1.000
   1.19960  0.13462 -0.02184 -0.85393  0.000000  0.000000  0.000000     1.000
   1.20494  0.13995 -0.02158 -0.85214  0.000000  0.000000  0.000000     1.000
   1.21038  0.14539 -0.02132 -0.85390  0.000000  0.000000  0.000000     1.000
   1.21592  0.15092 -0.02105 -0.85459  0.000000  0.000000  0.000000     1.000
   1.22158  0.15657 -0.02077 -0.85698  0.000000  0.000000  0.000000     1.000
   1.22732  0.16231 -0.02047 -0.86105  0.000000  0.000000  0.000000     1.000
   1.23318  0.16816 -0.02012 -0.85537  0.000000  0.000000  0.000000     1.000
   1.23914  0.17411 -0.01976 -0.85452  0.000000  0.000000  0.000000     1.000
   1.24522  0.18017 -0.01939 -0.85301  0.000000  0.000000  0.000000     1.000
   1.25139  0.18633 -0.01902 -0.85308  0.000000  0.000000  0.000000     1.000
   1.25766  0.19259 -0.01865 -0.85589  0.000000  0.000000  0.000000     1.000
   1.26403  0.19895 -0.01826 -0.85611  0.000000  0.000000  0.000000     1.000
   1.27051  0.20542 -0.01785 -0.85818  0.000000  0.000000  0.000000     1.000
   1.27711  0.21200 -0.01740 -0.85278  0.000000  0.000000  0.000000     1.000
   1.28379  0.21867 -0.01695 -0.85208  0.000000  0.000000  0.000000     1.000
   1.29059  0.22545 -0.01650 -0.85042  0.000000  0.000000  0.000000     1.000
   1.29749  0.23234 -0.01606 -0.85434  0.000000  0.000000  0.000000     1.000
   1.30450  0.23933 -0.01560 -0.85428  0.000000  0.000000  0.000000     1.000
   1.31160  0.24642 -0.01512 -0.85493  0.000000  0.000000  0.000000     1.000
   1.31881  0.25361 -0.01461 -0.85084  0.000000  0.000000  0.000000     1.000
   1.32613  0.26091 -0.01410 -0.85011  0.000000  0.000000  0.000000     1.000
   1.33355  0.26831 -0.01359 -0.84873  0.000000  0.000000  0.000000     1.000
   1.34106  0.27581 -0.01309 -0.85067  0.000000  0.000000  0.000000     1.000
   1.34869  0.28342 -0.01258 -0.85167  0.000000  0.000000  0.000000     1.000
   1.35642  0.29113 -0.01205 -0.85025  0.000000  0.000000  0.000000     1.000
   1.36426  0.29895 -0.01151 -0.85062  0.000000  0.000000  0.000000     1.000
   1.37220  0.30687 -0.01095 -0.84691  0.000000  0.000000  0.000000     1.000
   1.38024  0.31489 -0.01040 -0.84644  0.000000  0.000000  0.000000     1.000
   1.38838  0.32302 -0.00986 -0.84722  0.000000  0.000000  0.000000     1.000
   1.39663  0.33125 -0.00932 -0.84911  0.000000  0.000000  0.000000     1.000
   1.40498  0.33958 -0.00876 -0.84763  0.000000  0.000000  0.000000     1.000
   1.41344  0.34802 -0.00819 -0.84797  0.000000  0.000000  0.000000     1.000
   1.42200  0.35656 -0.00760 -0.84358  0.000000  0.000000  0.000000     1.000
   1.43066  0.36520 -0.00703 -0.84386  0.000000  0.000000  0.000000     1.000
   1.43943  0.37395 -0.00647 -0.84453  0.000000  0.000000  0.000000     1.000
   1.44829  0.38280 -0.00591 -0.84550  0.000000  0.000000  0.000000     1.000
   1.45726  0.39175 -0.00534 -0.84573  0.000000  0.000000  0.000000     1.000
   1.46634  0.40081 -0.00475 -0.84329  0.000000  0.000000  0.000000     1.000
   1.47552  0.40997 -0.00416 -0.84180  0.000000  0.000000  0.000000     1.000
   1.48480  0.41923 -0.00358 -0.84052  0.000000  0.000000  0.000000     1.000
   1.49419  0.42860 -0.00302 -0.84197  0.000000  0.000000  0.000000     1.000
   1.50367  0.43807 -0.00246 -0.84257  0.000000  0.000000  0.000000     1.000
   1.51327  0.44765 -0.00189 -0.84281  0.000000  0.000000  0.000000     1.000
   1.52297  0.45733 -0.00130 -0.83986  0.000000  0.000000  0.000000     1.000
   1.53276  0.46711 -0.00072 -0.83912  0.000000  0.000000  0.000000     1.000
   1.54266  0.47699 -0.00015 -0.83700  0.000000  0.000000  0.000000     1.000
   1.55267  0.48698  0.00039 -0.84073  0.000000  0.000000  0.000000     1.000
   1.56278  0.49708  0.00095 -0.83948  0.000000  0.000000  0.000000     1.000
   1.57299  0.50727  0.00152 -0.83791  0.000000  0.000000  0.000000     1.000
   1.58330  0.51757  0.00209 -0.83585  0.000000  0.000000  0.000000     1.000
   1.59372  0.52797  0.00264 -0.83494  0.000000  0.000000  0.000000     1.000
   1.60424  0.53848  0.00317 -0.83632  0.000000  0.000000  0.000000     1.000
   1.61486  0.54909  0.00370 -0.83618  0.000000  0.000000  0.000000     1.000
   1.62560  0.55981  0.00424 -0.83559  0.000000  0.000000  0.000000     1.000
   1.63642  0.57062  0.00479 -0.83204  0.000000  0.000000  0.000000     1.000
   1.64735  0.58154  0.00531 -0.83109  0.000000  0.000000  0.000000     1.000
   1.65839  0.59257  0.00580 -0.83481  0.000000  0.000000  0.000000     1.000
   1.66954  0.60370  0.00632 -0.83109  0.000000  0.000000  0.000000     1.000
   1.68078  0.61493  0.00683 -0.83077  0.000000  0.000000  0.000000     1.000
   1.69212  0.62626  0.00734 -0.82689  0.000000  0.000000  0.000000     1.000
   1.70357  0.63770  0.00781 -0.82877  0.000000  0.000000  0.000000     1.000
   1.71512  0.64924  0.00828 -0.82758  0.000000  0.000000  0.000000     1.000
   1.72678  0.66089  0.00875 -0.82760  0.000000  0.000000  0.000000     1.000
   1.73854  0.67264  0.00924 -0.82206  0.000000  0.000000  0.000000     1.000
   1.75040  0.68449  0.00969 -0.82103  0.000000  0.000000  0.000000     1.000
   1.76235  0.69644  0.01011 -0.82186  0.000000  0.000000  0.000000     1.000
   1.77442  0.70850  0.01054 -0.81866  0.000000  0.000000  0.000000     1.000
   1.78660  0.72067  0.01096 -0.81592  0.000000  0.000000  0.000000     1.000
   1.79887  0.73293  0.01136 -0.81238  0.000000  0.000000  0.000000     1.000
   1.81124  0.74530  0.01172 -0.81023  0.000000  0.000000  0.000000     1.000
   1.82373  0.75778  0.01205 -0.80859  0.000000  0.000000  0.000000     1.000
   1.83630  0.77035  0.01237 -0.80263  0.000000  0.000000  0.000000     1.000
   1.84898  0.78303  0.01262 -0.79981  0.000000  0.000000  0.000000     1.000
   1.86177  0.79582  0.01280 -0.79919  0.000000  0.000000  0.000000     1.000
   1.87466  0.80871  0.01295 -0.79427  0.000000  0.000000  0.000000     1.000
   1.88765  0.82170  0.01303 -0.78923  0.000000  0.000000  0.000000     1.000
   1.90074  0.83479  0.01300 -0.78879  0.000000  0.000000  0.000000     1.000
   1.91395  0.84799  0.01290 -0.78412  0.000000  0.000000  0.000000     1.000
   1.92725  0.86129  0.01269 -0.78058  0.000000  0.000000  0.000000     1.000
   1.94066  0.87470  0.01235 -0.77850  0.000000  0.000000  0.000000     1.000
   1.95417  0.88820  0.01187 -0.77716  0.000000  0.000000  0.000000     1.000
   1.96780  0.90182  0.01126 -0.77253  0.000000  0.000000  0.000000     1.000
   1.98154  0.91553  0.01045 -0.77333  0.000000  0.000000  0.000000     1.000
   1.99539  0.92935  0.00947 -0.76807  0.000000  0.000000  0.000000     1.000
   2.00937  0.94327  0.00821 -0.77105  0.000000  0.000000  0.000000     1.000
   2.02348  0.95730  0.00667 -0.77277  0.000000  0.000000  0.000000     1.000
   2.03774  0.97143  0.00479 -0.78290  0.000000  0.000000  0.000000     1.000
   2.05214  0.98566  0.00257 -0.78768  0.000000  0.000000  0.000000     1.000
   2.06671  1.00000  0.00000 -0.79961  0.000000  0.000000  0.000000     1.000
